1,58
2,56
3,60
4,57
5,57
6,53
7,53
8,51
9,47
10,60
11,58
12,46
13,47
14,60
15,63
16,43
17,67
18,56
19,47
20,53
21,55
22,60
23,50
24,55
25,53
26,59
27,54
28,53
29,55
30,48
31,51
32,60
33,61
34,53
35,56
36,53
37,59
38,54
39,50
40,55
41,55
42,43
43,65
44,51
45,52
46,50
47,48
48,50
49,60
50,54
51,57
52,57
53,65
54,57
55,42
56,56
57,51
58,52
59,58
60,67
61,46
62,58
63,57
64,52
65,48
66,62
67,51
68,52
69,54
70,53
71,45
72,57
73,50
74,57
75,49
76,58
77,55
78,54
79,43
80,58
81,54
82,63
83,50
84,56
85,45
86,46
87,53
88,66
89,55
90,51
91,58
92,58
93,47
94,54
95,51
96,50
97,45
98,55
99,58
100,55
