3,52,8.757378732378731
6,49,9.967721167721164
8,54,10.178893328893329
9,51,8.521725496725493
10,44,8.575346875346874
11,46,8.46703574203574
12,42,9.39244644244644
19,49,9.410339660339659
20,48,8.036718836718837
43,42,9.025779775779771
49,58,12.145931845931846
58,55,10.644502719502718
60,52,10.413056388056388
61,48,9.313788988788987
78,54,9.814160839160838
81,48,10.132739482739481
83,50,10.226329226329227
85,45,9.440798090798088
88,52,10.736224886224882
97,44,10.948204573204572
99,44,8.500912975912975
105,47,9.620401820401817
106,50,9.79468031968032
107,45,9.559448884448885
108,53,12.802122877122878
109,49,9.461108336108333
118,37,7.854456654456654
130,49,7.882378732378733
134,44,8.90591353091353
140,48,9.549156399156397
142,44,9.970548895548895
146,43,8.443911643911642
154,56,12.014088689088684
166,42,7.220870795870795
170,58,9.247397047397046
177,50,9.025871350871348
187,46,8.70675713175713
190,54,10.877183927183927
192,51,10.06216561216561
200,47,8.537476412476408
204,48,10.193215118215118
205,51,11.570621045621046
207,45,9.0481351981352
212,47,7.188850038850035
216,49,10.368789543789541
218,45,8.538514263514262
220,42,9.609351759351759
222,51,9.183136308136305
233,48,8.794730269730268
234,59,11.43243978243978
239,50,10.947483072483072
243,55,8.840254190254191
262,51,10.41500444000444
264,42,7.245235320235319
266,53,11.370285270285269
267,51,8.790290265290267
270,44,9.19559607059607
273,42,7.278485403485401
277,41,8.276837051837049
280,50,8.393129093129092
281,41,8.81258741258741
284,54,9.245066045066045
293,46,9.470523920523918
295,44,8.294369519369518
299,40,7.7089188589188575
300,43,7.987562437562436
301,42,8.527269952269954
308,45,8.230974580974578
313,51,11.423398823398825
321,45,9.54589577089577
322,54,10.054229104229103
326,53,9.625876900876897
327,54,9.32060717060717
329,47,8.604723054723053
340,52,10.644319569319565
346,45,9.823398823398822
351,48,10.643514818514817
366,40,8.943265068265067
369,44,7.446664446664448
372,42,9.523301698301697
377,47,7.706260406260403
378,50,10.623276723276721
384,48,10.399009324009322
394,48,9.00077977577977
399,50,9.704662004662001
400,54,10.613655788655784
412,50,7.556310356310354
413,46,9.499986124986123
415,50,10.498698523698518
422,52,9.976065601065597
423,50,10.08478465978466
427,49,7.807800532800529
432,52,7.936011211011209
460,53,10.786707736707733
462,46,8.040762015762018
463,53,10.33158508158508
478,48,10.31417471417471
480,52,11.164485514485511
485,52,10.91259851259851
488,56,11.768648018648015
492,49,9.125382950382951
494,55,11.03188478188478
495,44,8.923673548673547
500,47,9.574167499167501
507,39,8.691219891219891
512,51,9.640773115773117
518,37,5.831660006660007
520,51,8.719308469308467
523,49,9.34986402486402
527,51,9.528807303807305
531,52,11.050419025419023
532,49,10.25741480741481
533,52,9.56727439227439
534,49,8.989307914307911
542,53,8.331487956487955
546,51,10.735517260517257
549,51,9.517288267288265
556,47,10.358705183705183
562,53,11.93485680985681
564,51,11.241133866133865
565,48,8.062537462537462
573,49,9.753171828171828
575,45,7.978796203796201
578,50,8.314160839160838
581,51,10.239618714618716
585,48,10.133122433122434
589,54,9.680949605949607
590,48,11.03851426351426
596,46,8.103027528027527
602,43,7.850058275058274
603,44,7.407079032079033
605,51,8.628940503940504
607,46,12.277861027861027
608,43,6.838258963258965
610,48,8.766988566988564
614,51,11.679625929625928
615,48,9.9746003996004
616,50,11.194033744033744
624,59,11.397036297036296
626,52,10.324142524142523
631,55,9.629759129759126
644,57,12.537634587634585
649,49,7.630791430791429
655,48,11.365834165834164
658,48,9.768550893550893
659,50,8.7744671994672
670,54,10.966505716505715
674,54,10.97140082140082
679,57,8.96885059385059
683,50,9.240376290376288
689,54,10.983355533355532
694,52,10.898251748251745
695,50,10.724564324564321
704,50,9.210603285603286
707,50,9.768478743478742
715,52,9.936346986346983
724,52,10.458374958374954
735,51,11.307403707403704
743,56,9.84590687090687
749,51,8.002195027195025
757,55,10.423659673659673
761,44,8.475163725163721
764,49,9.256152181152176
769,52,11.66964424464424
771,60,9.712007437007436
774,56,11.007378732378733
782,59,10.774045399045397
785,52,8.93086358086358
788,44,7.231859806859807
794,55,11.97982017982018
799,51,11.016328116328115
807,51,10.165664890664887
810,50,9.740065490065486
815,59,9.707750582750583
820,50,8.872385947385943
824,50,8.284784659784659
825,46,8.527916527916526
834,54,11.505863580863581
840,51,9.27437007437007
842,46,8.811804861804859
844,47,9.512154512154511
845,41,9.493478743478745
853,45,10.183716283716281
857,49,8.69068709068709
860,54,11.057017982017982
865,43,9.20259185259185
884,54,10.645077145077146
890,55,10.312909312909314
895,47,9.903471528471526
896,49,10.419563769563768
900,42,7.086000111000111
903,50,10.897075147075146
904,58,11.216866466866465
905,46,9.926115551115549
912,49,9.820596070596071
913,56,10.669069819069817
917,49,9.091072816072812
919,48,8.470174270174265
921,47,11.402439227439228
923,48,11.91222666222666
926,50,8.693850593850593
928,57,11.154673104673103
932,40,7.017934842934843
936,48,9.815975690975689
943,52,11.15267787767788
948,49,8.991036741036739
949,51,11.60985680985681
953,51,8.92570485070485
960,52,10.608111333111333
966,41,8.453185703185701
967,39,6.591292041292042
969,50,8.59404484404484
971,39,9.557550782550782
972,50,11.584521034521034
973,44,7.7698135198135185
974,54,11.632353757353753
976,42,7.8219530469530465
978,49,9.014582639582635
979,58,9.850369075369077
980,52,10.885736485736487
983,48,9.784124209124208
984,47,9.901787101787097
986,45,7.7256937506937495
991,48,12.175321900321899
994,50,11.296292596292595
