2,61,405.0
3,54,432.0
5,49,357.0
6,51,395.0
9,53,404.0
11,48,340.0
12,42,343.0
16,41,294.0
18,56,411.0
20,50,336.0
22,49,348.0
23,54,363.0
25,53,367.0
26,54,378.0
27,45,338.0
29,44,361.0
31,51,370.0
32,55,402.0
36,54,428.0
40,51,358.0
43,46,339.0
47,44,373.0
49,58,430.0
52,56,360.0
55,49,318.0
56,49,329.0
61,48,366.0
63,50,330.0
68,57,383.0
75,40,256.0
77,48,369.0
80,52,418.0
81,48,376.0
82,46,287.0
83,48,344.0
84,45,364.0
85,45,355.0
87,49,351.0
89,58,386.0
90,56,407.0
94,55,436.0
97,44,268.0
99,40,287.0
100,52,361.0
103,57,423.0
105,49,371.0
107,45,359.0
108,53,380.0
109,49,345.0
112,56,416.0
118,37,288.0
119,47,382.0
121,58,405.0
122,56,409.0
123,51,392.0
126,47,389.0
128,58,404.0
129,45,360.0
132,56,425.0
133,48,350.0
134,48,307.0
137,61,432.0
139,42,288.0
141,47,356.0
142,50,315.0
143,46,310.0
144,58,365.0
146,49,330.0
147,56,392.0
150,59,373.0
152,45,324.0
154,56,422.0
157,49,343.0
158,48,358.0
159,48,344.0
160,48,379.0
163,50,337.0
166,46,358.0
168,55,405.0
169,42,311.0
171,57,406.0
174,48,352.0
177,48,370.0
178,52,358.0
187,44,322.0
188,51,344.0
190,54,361.0
192,47,333.0
194,51,390.0
196,51,410.0
199,53,349.0
200,45,324.0
202,52,409.0
203,52,391.0
204,48,368.0
205,59,379.0
206,54,400.0
207,45,333.0
212,49,425.0
215,61,412.0
216,51,343.0
217,50,369.0
218,53,348.0
219,53,415.0
220,42,304.0
222,55,406.0
230,48,318.0
232,59,397.0
233,50,366.0
237,59,407.0
238,50,358.0
239,52,351.0
241,49,351.0
244,49,358.0
248,53,405.0
250,41,311.0
251,52,366.0
255,55,393.0
256,65,418.0
260,52,362.0
261,51,341.0
262,55,421.0
264,42,316.0
266,55,384.0
267,47,423.0
270,44,304.0
271,48,401.0
273,44,334.0
275,52,376.0
276,58,391.0
277,41,354.0
278,55,372.0
281,47,309.0
282,50,370.0
284,46,369.0
286,58,424.0
287,48,377.0
289,51,376.0
290,52,390.0
292,41,305.0
293,38,275.0
298,46,334.0
299,46,346.0
300,45,353.0
301,38,248.0
303,50,373.0
305,59,434.0
306,50,364.0
308,45,369.0
309,48,386.0
311,50,353.0
312,49,387.0
318,54,407.0
321,47,375.0
322,52,398.0
323,53,411.0
324,49,345.0
326,49,305.0
328,54,410.0
329,45,358.0
330,53,381.0
333,57,368.0
334,47,345.0
344,49,355.0
346,49,335.0
350,50,362.0
351,46,346.0
358,55,419.0
361,55,392.0
366,46,321.0
369,44,374.0
370,47,338.0
371,59,448.0
372,48,329.0
373,57,342.0
377,45,339.0
378,50,356.0
379,45,310.0
380,46,390.0
381,50,400.0
382,47,325.0
383,48,321.0
384,50,337.0
386,53,373.0
389,57,383.0
394,42,330.0
396,48,380.0
397,57,405.0
398,49,332.0
399,52,376.0
402,53,384.0
405,57,423.0
406,50,367.0
408,52,419.0
411,51,382.0
412,48,386.0
413,46,363.0
414,55,374.0
416,53,356.0
417,56,415.0
418,55,382.0
420,49,355.0
422,52,380.0
423,52,358.0
427,47,391.0
435,53,410.0
437,51,387.0
438,56,418.0
439,54,402.0
442,55,377.0
443,43,304.0
444,59,406.0
448,48,311.0
449,62,430.0
450,49,347.0
454,49,347.0
455,55,385.0
459,43,327.0
466,51,402.0
467,55,366.0
468,52,339.0
472,52,346.0
473,50,380.0
475,45,348.0
478,48,365.0
480,50,379.0
482,50,372.0
483,54,363.0
485,48,395.0
487,42,307.0
488,58,406.0
491,53,385.0
492,49,408.0
493,53,344.0
494,59,408.0
495,44,345.0
496,53,394.0
500,47,412.0
503,53,387.0
505,54,414.0
506,46,345.0
507,39,292.0
511,57,419.0
513,56,392.0
518,41,311.0
523,45,344.0
524,52,339.0
525,57,398.0
527,55,389.0
532,51,376.0
538,49,383.0
540,59,438.0
541,48,329.0
543,55,338.0
544,52,321.0
548,48,351.0
549,53,406.0
552,55,420.0
556,43,290.0
557,58,428.0
558,47,336.0
559,47,331.0
562,51,396.0
563,62,425.0
564,51,414.0
565,48,394.0
568,45,357.0
569,56,375.0
570,48,339.0
571,60,465.0
572,55,407.0
573,43,356.0
574,44,286.0
577,65,481.0
580,46,331.0
581,49,398.0
582,52,409.0
585,50,331.0
587,50,367.0
588,48,341.0
590,46,325.0
591,51,394.0
596,46,346.0
598,52,393.0
600,53,388.0
601,56,364.0
602,47,327.0
607,46,307.0
610,46,368.0
611,46,322.0
612,51,374.0
613,54,374.0
615,50,374.0
616,52,344.0
618,37,292.0
619,55,393.0
620,51,365.0
621,53,407.0
622,44,317.0
623,50,384.0
624,61,455.0
625,55,422.0
626,54,412.0
628,51,343.0
630,46,342.0
631,51,405.0
637,45,305.0
638,56,384.0
640,45,332.0
641,58,426.0
646,52,370.0
649,49,411.0
650,53,409.0
651,50,365.0
653,52,400.0
655,50,345.0
658,52,341.0
659,54,440.0
663,56,408.0
664,52,408.0
667,48,317.0
669,53,422.0
671,58,392.0
672,48,399.0
673,54,373.0
676,51,357.0
680,44,334.0
681,58,393.0
688,48,367.0
690,52,377.0
692,56,401.0
695,54,411.0
698,48,355.0
700,58,457.0
702,52,395.0
703,49,349.0
704,48,353.0
705,47,372.0
706,53,416.0
707,52,386.0
709,57,372.0
713,52,384.0
719,57,442.0
725,55,369.0
734,53,432.0
735,51,372.0
736,49,369.0
737,57,415.0
739,53,372.0
740,57,399.0
746,50,372.0
749,55,412.0
750,55,398.0
752,50,341.0
754,58,438.0
756,49,368.0
757,59,373.0
760,55,378.0
761,44,356.0
762,50,345.0
764,43,320.0
766,56,362.0
767,57,391.0
773,56,441.0
776,46,360.0
780,54,438.0
783,55,406.0
787,54,412.0
788,42,313.0
789,55,444.0
795,49,378.0
799,55,413.0
802,48,332.0
803,53,358.0
804,53,387.0
805,54,383.0
813,46,326.0
814,55,407.0
816,53,367.0
817,48,340.0
818,59,440.0
819,47,361.0
823,57,361.0
827,51,354.0
829,59,428.0
840,53,397.0
841,57,422.0
842,48,385.0
844,47,337.0
845,43,246.0
847,45,353.0
849,53,403.0
851,53,412.0
853,49,322.0
865,43,325.0
868,49,318.0
869,47,337.0
870,52,326.0
874,50,404.0
875,56,432.0
876,56,391.0
877,55,380.0
886,41,336.0
887,50,328.0
889,52,389.0
893,50,397.0
895,47,345.0
900,42,367.0
903,50,404.0
905,42,296.0
907,46,344.0
909,54,364.0
911,52,357.0
912,49,377.0
913,56,439.0
917,45,360.0
918,49,400.0
919,52,406.0
920,52,403.0
923,52,345.0
925,50,323.0
926,48,415.0
929,57,402.0
932,40,282.0
936,50,365.0
937,51,369.0
938,39,334.0
940,43,274.0
942,52,415.0
947,49,396.0
949,53,391.0
952,52,375.0
953,49,385.0
955,44,330.0
957,51,331.0
960,52,370.0
966,41,341.0
967,41,300.0
969,48,372.0
971,39,263.0
973,46,361.0
976,42,338.0
978,53,392.0
979,48,332.0
980,52,411.0
981,57,413.0
983,46,361.0
984,45,327.0
986,43,322.0
988,55,379.0
990,51,364.0
991,50,340.0
994,50,399.0
995,56,430.0
998,54,375.0
999,59,423.0
