1,614
2,737
3,655
4,477
5,689
6,624
7,588
8,577
9,618
10,569
11,442
12,612
13,520
14,778
15,553
16,796
17,500
18,546
19,602
20,593
21,566
22,738
23,693
24,661
25,524
26,503
27,435
28,562
29,443
30,609
31,415
32,442
33,544
34,696
35,603
36,525
37,509
38,616
39,664
40,604
41,647
42,529
43,738
44,629
45,367
46,653
47,518
48,634
49,449
50,589
51,455
52,630
53,554
54,618
55,624
56,286
57,506
58,713
59,541
60,466
61,631
62,605
63,683
64,455
65,502
66,440
67,451
68,620
69,439
70,534
71,568
72,483
73,552
74,597
75,614
76,441
77,459
78,646
79,626
80,506
81,697
82,576
83,509
84,804
85,738
86,631
87,595
88,511
89,518
90,760
91,629
92,523
93,469
94,614
95,807
96,610
97,452
98,728
99,636
100,748
