1,14
2,13
3,15
4,12
5,13
6,13
7,12
8,16
9,14
10,12
11,15
12,10
13,13
14,11
15,11
16,12
17,11
18,11
19,13
20,8
21,12
22,11
23,11
24,15
25,12
26,13
27,16
28,14
29,14
30,13
31,14
32,12
33,15
34,14
35,13
36,10
37,13
38,11
39,11
40,15
41,11
42,13
43,13
44,9
45,11
46,14
47,13
48,11
49,14
50,11
51,11
52,14
53,15
54,16
55,12
56,13
57,12
58,11
59,13
60,14
61,16
62,14
63,11
64,14
65,11
66,11
67,13
68,13
69,11
70,14
71,15
72,13
73,15
74,16
75,11
76,14
77,14
78,14
79,13
80,10
81,11
82,16
83,13
84,13
85,12
86,13
87,9
88,13
89,11
90,14
91,15
92,14
93,13
94,12
95,12
96,11
97,9
98,15
99,10
100,14
