1,6,6.0
2,9,9.0
3,8,8.0
4,9,9.0
5,6,6.0
6,7,7.0
7,7,7.0
8,7,7.0
9,7,7.0
10,7,7.0
11,7,7.0
12,5,5.0
13,8,8.0
14,7,7.0
15,8,8.0
16,8,8.0
17,8,8.0
18,7,7.0
19,9,9.0
20,5,5.0
21,8,8.0
22,7,7.0
23,6,6.0
24,8,8.0
25,6,6.0
26,8,8.0
27,7,7.0
28,7,7.0
29,8,8.0
30,8,8.0
31,7,7.0
32,8,8.0
33,7,7.0
34,5,5.0
35,7,7.0
36,7,7.0
37,9,9.0
38,6,6.0
39,5,5.0
40,7,7.0
41,8,8.0
42,9,9.0
43,8,8.0
44,8,8.0
45,6,6.0
46,7,7.0
47,5,5.0
48,6,6.0
49,6,6.0
50,5,5.0
51,5,5.0
52,6,6.0
53,7,7.0
54,9,9.0
55,7,7.0
56,7,7.0
57,8,8.0
58,7,7.0
59,9,9.0
60,8,8.0
61,8,8.0
62,6,6.0
63,6,6.0
64,8,8.0
65,8,8.0
66,8,8.0
67,5,5.0
68,7,7.0
69,7,7.0
70,9,9.0
71,6,6.0
72,8,8.0
73,6,6.0
74,7,7.0
75,7,7.0
76,7,7.0
77,8,8.0
78,6,6.0
79,8,8.0
80,7,7.0
81,5,5.0
82,8,8.0
83,9,9.0
84,6,6.0
85,8,8.0
86,4,4.0
87,8,8.0
88,7,7.0
89,9,9.0
90,8,8.0
91,8,8.0
92,8,8.0
93,5,5.0
94,5,5.0
95,8,8.0
96,9,9.0
97,7,7.0
98,8,8.0
99,5,5.0
100,8,8.0
