1,39
2,39
3,38
4,37
5,38
6,36
7,39
8,36
9,38
10,38
11,38
12,38
13,38
14,39
15,37
16,38
17,37
18,40
19,38
20,35
21,38
22,38
23,39
24,36
25,38
26,39
27,36
28,33
29,39
30,37
31,37
32,33
33,38
34,36
35,39
36,37
37,37
38,37
39,37
40,36
41,36
42,38
43,39
44,38
45,37
46,39
47,39
48,36
49,38
50,39
51,36
52,37
53,36
54,38
55,38
56,37
57,38
58,37
59,35
60,38
61,36
62,39
63,37
64,39
65,38
66,37
67,37
68,36
69,39
70,38
71,37
72,38
73,37
74,37
75,37
76,39
77,37
78,37
79,39
80,36
81,37
82,39
83,37
84,36
85,36
86,37
87,40
88,39
89,40
90,37
91,38
92,37
93,39
94,38
95,38
96,39
97,38
98,38
99,38
100,36
