1,602
2,781
3,852
4,904
5,698
6,874
7,904
8,936
9,868
10,831
11,745
12,894
13,944
14,960
15,837
16,883
17,898
18,883
19,926
20,810
21,739
22,912
23,976
24,700
25,907
26,809
27,65
28,896
29,867
30,806
31,655
32,1102
33,809
34,804
35,773
36,767
37,715
38,761
39,884
40,1152
41,778
42,831
43,993
44,906
45,1050
46,909
47,821
48,657
49,963
50,783
51,937
52,904
53,857
54,882
55,893
56,983
57,866
58,991
59,640
60,851
61,811
62,852
63,950
64,899
65,815
66,970
67,922
68,615
69,768
70,745
71,895
72,752
73,888
74,1047
75,897
76,810
77,830
78,794
79,1007
80,879
81,897
82,843
83,938
84,902
85,757
86,975
87,915
88,130
89,911
90,957
91,887
92,890
93,868
94,666
95,869
96,674
97,1076
98,678
99,941
100,991
