1,13
2,26
3,33
4,22
5,33
6,33
7,14
8,33
9,23
10,22
11,14
12,23
13,47
14,17
15,33
16,18
17,27
18,33
19,26
20,17
21,32
22,14
23,14
24,43
25,14
26,13
27,22
28,26
29,13
30,13
31,23
32,17
33,27
34,32
35,17
36,23
37,14
38,33
39,48
40,24
41,43
42,43
43,32
44,47
45,14
46,14
47,14
48,33
49,34
50,14
51,22
52,17
53,23
54,23
55,23
56,23
57,32
58,13
59,23
60,27
61,28
62,23
63,46
64,23
65,37
66,27
67,23
68,14
69,22
70,34
71,32
72,32
73,14
74,14
75,32
76,15
77,13
78,47
79,14
80,27
81,23
82,14
83,33
84,22
85,14
86,22
87,42
89,33
90,33
91,14
