* 1 54 55863
* 2 59 180564
* 3 52 27602
* 4 61 216567
* 5 49 87626
* 6 49 21077
* 7 62 447123
* 8 54 2207
* 9 51 18657
* 10 44 2696
* 11 46 23250
* 12 42 4097
* 13 56 423692
* 14 64 222287
* 15 55 220599
* 16 41 12385
* 17 54 64862
* 18 56 73303
* 19 45 18804
* 20 44 23606
* 21 48 27281
* 22 49 76962
* 23 48 66100
* 24 57 413800
* 25 47 1742
* 26 54 14574
* 27 43 3802
* 28 54 150389
* 29 44 5153
* 30 56 180493
* 31 51 6075
* 32 55 11941
* 33 50 48237
* 34 59 392339
* 35 58 259053
* 36 54 103752
* 37 51 53290
* 38 62 162645
* 39 57 98804
* 40 49 8951
* 41 49 81081
* 42 61 3792307
* 43 42 1410
* 44 52 13400
* 45 63 38031
* 46 60 225020
* 47 44 608
* 48 50 19728
* 49 58 16642
* 50 56 195664
* 51 58 65292
* 52 54 190286
* 53 54 128489
* 54 62 2123761
* 55 49 177391
* 56 49 178296
* 57 50 38673
* 58 55 148930
* 59 49 15668
* 60 52 35034
* 61 48 13556
* 62 57 68093
* 63 48 4304
* 64 52 8165
* 65 51 77292
* 66 54 112389
* 67 57 119235
* 68 51 47821
* 69 61 502378
* 70 53 89558
* 71 63 1357081
* 72 52 83912
* 73 54 66745
* 74 51 37109
* 75 40 2602
* 76 56 339271
* 77 48 29651
* 78 50 5540
* 79 60 49493
* 80 52 180839
* 81 48 9393
* 82 44 77153
* 83 46 2191
* 84 45 921
* 85 45 1861
* 86 53 102660
* 87 49 23449
* 88 52 49235
* 89 56 9336
* 90 56 50046
* 91 57 26539
* 92 46 22626
* 93 48 20589
* 94 55 33568
* 95 54 166496
* 96 58 53571
* 97 42 4699
* 98 57 175810
* 99 40 913
* 100 50 11282
* 101 63 1100912
* 102 54 40971
* 103 53 4186
* 104 52 208531
* 105 47 5852
* 106 50 32404
* 107 45 917
* 108 53 6818
* 109 47 191631
* 110 60 221156
* 111 55 748271
* 112 54 7292
* 113 60 99890
* 114 54 436459
* 115 50 20615
* 116 52 113913
* 117 54 7463
* 118 37 395
* 119 47 139
* 120 52 12619
* 121 56 23822
* 122 56 484810
* 123 51 21418
* 124 59 181540
* 125 53 157331
* 126 47 5455
* 127 64 1848422
* 128 52 11728
* 129 45 23578
* 130 47 12763
* 131 57 66362
* 132 54 26887
* 133 48 61490
* 134 44 24827
* 135 55 10300
* 136 53 67045
* 137 59 266326
* 138 49 353675
* 139 42 4340
* 140 48 65592
* 141 47 7071
* 142 44 888
* 143 44 3870
* 144 52 23015
* 145 52 9127
* 146 43 24994
* 147 54 13484
* 148 59 7235
* 149 58 142471
* 150 53 347503
* 151 52 162765
* 152 45 2692
* 153 56 35222
* 154 56 8133
* 155 57 14239
* 156 50 15779
* 157 49 63170
* 158 46 3649
* 159 48 2057
* 160 48 7154
* 161 56 10648
* 162 57 22098
* 163 46 6615
* 164 56 485829
* 165 58 79195
* 166 42 3216
* 167 51 45089
* 168 55 24987
* 169 42 1410
* 170 54 23660
* 171 55 13701
* 172 54 157764
* 173 56 17866
* 174 46 695
* 175 56 83593
* 176 56 55950
* 177 48 17494
* 178 52 33092
* 179 60 221635
* 180 58 62484
* 181 62 104441
* 182 49 45648
* 183 58 50794
* 184 58 479925
* 185 56 75924
* 186 51 6162
* 187 44 15864
* 188 47 8560
* 189 55 753737
* 190 54 53830
* 191 64 929203
* 192 47 16830
* 193 52 40636
* 194 51 75010
* 195 56 232657
* 196 51 6450
* 197 53 94999
* 198 59 592603
* 199 51 105776
* 200 45 30790
* 201 51 14971
* 202 52 7560
* 203 50 11176
* 204 48 1513
* 205 51 12509
* 206 54 63081
* 207 45 5704
* 208 56 51619
* 209 55 66069
* 210 60 1046465
* 211 55 63443
* 212 47 15304
* 213 48 13824
* 214 57 137000
* 215 57 59592
* 216 47 4520
* 217 50 591
* 218 45 180469
* 219 53 1532
* 220 42 835
* 221 53 81150
* 222 51 16452
* 223 53 16788
* 224 52 11710
* 225 50 43495
* 226 63 2709070
* 227 52 12828
* 228 56 502048
* 229 55 5487
* 230 48 46194
* 231 54 25995
* 232 57 154859
* 233 48 37595
* 234 57 17848
* 235 49 18803
* 236 64 1495421
* 237 57 5958
* 238 50 9644
* 239 48 21139
* 240 58 191852
* 241 49 21563
* 242 59 85363
* 243 51 26762
* 244 45 8497
* 245 55 6219
* 246 53 52140
* 247 50 8819
* 248 53 64507
* 249 55 92972
* 250 41 3211
* 251 48 1356
* 252 52 32703
* 253 53 9461
* 254 58 27499
* 255 55 33110
* 256 59 122668
* 257 51 290486
* 258 55 36006
* 259 52 22129
* 260 50 90015
* 261 51 38337
* 262 51 17095
* 263 59 121038
* 264 42 20367
* 265 53 151914
* 266 53 14653
* 267 47 1697
* 268 60 244740
* 269 63 234568
* 270 44 7416
* 271 48 10797
* 272 59 556984
* 273 42 727
* 274 59 63921
* 275 50 23775
* 276 56 128457
* 277 41 2204
* 278 53 41066
* 279 55 10229
* 280 50 12595
* 281 41 4660
* 282 48 42759
* 283 56 299444
* 284 46 9327
* 285 50 16411
* 286 58 68151
* 287 48 1449
* 288 58 39361
* 289 51 3427
* 290 52 4909
* 291 67 1992728
* 292 41 1792
* 293 38 192
* 294 55 14493
* 295 44 268
* 296 54 31579
* 297 55 24471
* 298 46 17374
* 299 40 230
* 300 43 3135
* 301 38 1370
* 302 56 55328
* 303 50 1869
* 304 57 188028
* 305 59 197567
* 306 48 3940
* 307 59 538028
* 308 45 5764
* 309 48 3921
* 310 56 35732
* 311 50 121504
* 312 49 13288
* 313 51 4460
* 314 68 2142383
* 315 49 7453
* 316 57 92396
* 317 53 23154
* 318 54 9632
* 319 58 22240
* 320 51 17498
* 321 45 1274
* 322 52 28057
* 323 53 80045
* 324 47 47151
* 325 55 300300
* 326 45 21373
* 327 52 300232
* 328 50 49056
* 329 45 11730
* 330 53 84818
* 331 56 331140
* 332 58 117470
* 333 53 1947
* 334 47 3744
* 335 56 91594
* 336 52 136624
* 337 55 66860
* 338 65 3300112
* 339 53 68581
* 340 52 26349
* 341 58 2385955
* 342 56 132122
* 343 54 95829
* 344 49 3304
* 345 58 59836
* 346 45 9251
* 347 61 386421
* 348 57 67373
* 349 58 210864
* 350 50 8610
* 351 46 3022
* 352 53 39311
* 353 63 181672
* 354 51 36011
* 355 53 32053
* 356 54 43923
* 357 50 69171
* 358 53 8431
* 359 53 34946
* 360 59 176192
* 361 53 112444
* 362 55 114265
* 363 60 12531
* 364 53 35503
* 365 56 792586
* 366 40 444
* 367 59 226555
* 368 55 146461
* 369 44 18239
* 370 47 3161
* 371 59 38488
* 372 42 3583
* 373 51 166568
* 374 50 42454
* 375 60 230883
* 376 59 31565
* 377 43 21555
* 378 50 63035
* 379 45 5179
* 380 46 751
* 381 50 21126
* 382 47 4828
* 383 48 8030
* 384 48 33103
* 385 67 345480
* 386 49 50738
* 387 61 2911154
* 388 61 16761
* 389 57 409223
* 390 59 28012
* 391 56 153605
* 392 47 22927
* 393 57 32843
* 394 42 398
* 395 54 66586
* 396 48 13138
* 397 57 133086
* 398 45 1461
* 399 48 57122
* 400 52 18877
* 401 59 229522
* 402 51 7482
* 403 53 28666
* 404 57 4845
* 405 53 87984
* 406 50 8601
* 407 56 266919
* 408 52 906
* 409 57 757270
* 410 57 60163
* 411 47 6491
* 412 46 16439
* 413 46 500
* 414 51 28865
* 415 50 19264
* 416 53 13638
* 417 56 6291
* 418 55 94139
* 419 50 36104
* 420 49 2976
* 421 57 90481
* 422 48 21251
* 423 46 4917
* 424 58 53931
* 425 56 207972
* 426 53 24066
* 427 47 31487
* 428 50 7149
* 429 57 88925
* 430 54 38583
* 431 54 29722
* 432 52 191197
* 433 60 1259437
* 434 54 132921
* 435 53 1240
* 436 69 403366
* 437 49 15675
* 438 56 83782
* 439 50 37468
* 440 53 57598
* 441 55 1066171
* 442 53 336408
* 443 43 43338
* 444 55 1087295
* 445 44 10524
* 446 60 46557
* 447 53 18889
* 448 48 22558
* 449 58 447831
* 450 49 8761
* 451 58 34717
* 452 58 160758
* 453 57 346379
* 454 47 14751
* 455 53 17622
* 456 51 22396
* 457 48 1849
* 458 56 63709
* 459 43 11031
* 460 53 12523
* 461 60 893340
* 462 46 12062
* 463 53 19738
* 464 60 639348
* 465 56 209047
* 466 51 4304
* 467 51 8210
* 468 50 61415
* 469 55 80537
* 470 58 172755
* 471 58 124175
* 472 50 47848
* 473 50 29494
* 474 55 126505
* 475 45 3769
* 476 54 12204
* 477 55 68460
* 478 48 56714
* 479 62 439780
* 480 48 18569
* 481 59 187461
* 482 50 71827
* 483 54 112382
* 484 53 92106
* 485 48 1273
* 486 51 139573
* 487 42 1381
* 488 54 27567
* 489 55 12742
* 490 53 95614
* 491 49 11523
* 492 49 3776
* 493 53 100343
* 494 55 7137
* 495 44 938
* 496 53 10201
* 497 56 221328
* 498 52 12736
* 499 62 357375
* 500 47 762
* 501 56 30767
* 502 60 43738
* 503 53 32311
* 504 55 15197
* 505 54 39087
* 506 46 4095
* 507 39 486
* 508 57 16874
* 509 61 303952
* 510 54 11527
* 511 55 326095
* 512 49 4291
* 513 52 7417
* 514 60 300923
* 515 55 16042
* 516 52 66089
* 517 63 3806938
* 518 37 6284
* 519 58 1131518
* 520 51 9792
* 521 59 281431
* 522 54 52793
* 523 45 15900
* 524 50 4713
* 525 51 7894
* 526 54 16934
* 527 51 229459
* 528 55 143155
* 529 52 43472
* 530 62 952601
* 531 50 96262
* 532 49 28118
* 533 50 148637
* 534 49 32454
* 535 61 24492
* 536 55 44387
* 537 55 55446
* 538 49 31047
* 539 57 113900
* 540 59 33518
* 541 48 2779
* 542 53 68961
* 543 49 301739
* 544 48 15748
* 545 52 15274
* 546 51 13132
* 547 51 71786
* 548 46 63841
* 549 51 4188
* 550 55 14437
* 551 59 187019
* 552 55 22915
* 553 61 10848
* 554 59 533963
* 555 59 145305
* 556 43 2924
* 557 58 65097
* 558 47 213919
* 559 47 15691
* 560 54 708164
* 561 54 38286
* 562 51 3673
* 563 58 412645
* 564 51 3770
* 565 48 5458
* 566 58 314177
* 567 53 83964
* 568 45 201
* 569 52 34408
* 570 48 656
* 571 58 12581
* 572 55 74409
* 573 43 352
* 574 40 743
* 575 45 38433
* 576 52 319105
* 577 63 133105
* 578 48 52443
* 579 55 110889
* 580 46 21027
* 581 49 7905
* 582 52 3553
* 583 51 16868
* 584 57 541486
* 585 46 32936
* 586 52 27553
* 587 48 1877
* 588 48 3834
* 589 54 38657
* 590 46 33488
* 591 51 70064
* 592 59 1226493
* 593 58 333806
* 594 61 49854
* 595 53 353021
* 596 44 23338
* 597 59 154559
* 598 52 43757
* 599 54 14250
* 600 51 1714
* 601 54 22945
* 602 41 6620
* 603 44 5099
* 604 53 10327
* 605 51 86685
* 606 51 4268
* 607 46 9585
* 608 43 720
* 609 56 17037
* 610 46 15487
* 611 46 79234
* 612 49 62399
* 613 50 166045
* 614 51 2125
* 615 48 9156
* 616 48 4547
* 617 53 17986
* 618 37 3665
* 619 55 52053
* 620 51 304768
* 621 51 50038
* 622 44 5074
* 623 50 15936
* 624 57 9463
* 625 55 35685
* 626 52 19900
* 627 61 272563
* 628 47 171430
* 629 54 7672
* 630 46 639
* 631 51 26075
* 632 55 255310
* 633 51 193730
* 634 51 9130
* 635 58 43667
* 636 57 166030
* 637 45 1656
* 638 54 93167
* 639 54 1746654
* 640 45 3101
* 641 56 91946
* 642 52 37074
* 643 57 363524
* 644 57 33707
* 645 53 8478
* 646 52 14700
* 647 53 184208
* 648 55 32916
* 649 49 70845
* 650 53 18476
* 651 50 119780
* 652 61 12064
* 653 52 65867
* 654 53 18737
* 655 48 4946
* 656 59 330103
* 657 58 309493
* 658 46 95790
* 659 50 1737
* 660 53 59179
* 661 58 76147
* 662 60 1242099
* 663 54 5523
* 664 52 1031
* 665 58 508219
* 666 54 3664
* 667 48 13771
* 668 52 1340
* 669 51 55352
* 670 54 441924
* 671 52 14507
* 672 48 2546
* 673 50 17265
* 674 54 44687
* 675 61 329868
* 676 47 20461
* 677 55 65244
* 678 60 584360
* 679 57 14861
* 680 44 8738
* 681 56 153468
* 682 57 145823
* 683 50 26628
* 684 53 33477
* 685 59 102428
* 686 55 4474
* 687 58 178595
* 688 48 7315
* 689 54 4566
* 690 52 72093
* 691 60 330533
* 692 56 21717
* 693 54 345880
* 694 50 39595
* 695 50 28927
* 696 55 49434
* 697 57 350337
* 698 46 4220
* 699 53 7846
* 700 58 93186
* 701 58 61149
* 702 52 22068
* 703 49 49588
* 704 48 39232
* 705 47 1867
* 706 51 22889
* 707 50 23152
* 708 59 21612
* 709 51 33359
* 710 57 85889
* 711 59 146170
* 712 56 48885
* 713 52 50708
* 714 58 200128
* 715 52 1121
* 716 51 5979
* 717 58 118165
* 718 59 175276
* 719 57 64782
* 720 61 145390
* 721 53 170221
* 722 51 8347
* 723 57 109867
* 724 50 28694
* 725 51 76968
* 726 57 6786
* 727 56 116211
* 728 50 85197
* 729 62 182994
* 730 52 6115
* 731 51 3972
* 732 54 48535
* 733 54 53185
* 734 53 23751
* 735 51 88915
* 736 49 43378
* 737 55 19346
* 738 59 39338
* 739 51 62418
* 740 55 71036
* 741 65 29482
* 742 52 7682
* 743 54 15288
* 744 52 124842
* 745 57 178564
* 746 50 18479
* 747 53 4586
* 748 63 28941
* 749 51 7507
* 750 55 62268
* 751 52 23287
* 752 50 48436
* 753 60 560324
* 754 58 69496
* 755 59 509264
* 756 47 16127
* 757 53 172853
* 758 57 3719
* 759 52 170825
* 760 51 359220
* 761 44 30123
* 762 48 27503
* 763 57 24307
* 764 43 1013
* 765 59 47903
* 766 50 23425
* 767 51 51935
* 768 57 54640
* 769 52 14758
* 770 55 48659
* 771 56 346798
* 772 54 30589
* 773 52 48028
* 774 54 2506
* 775 58 10087
* 776 46 36706
* 777 49 9766
* 778 54 107602
* 779 60 32998
* 780 54 169081
* 781 51 7028
* 782 59 747928
* 783 53 10915
* 784 59 195903
* 785 52 82996
* 786 58 230784
* 787 54 10110
* 788 42 108398
* 789 55 46058
* 790 61 437255
* 791 58 882897
* 792 59 146916
* 793 61 420811
* 794 55 45187
* 795 49 1936
* 796 57 233998
* 797 63 1737135
* 798 62 46807
* 799 51 3567
* 800 57 145364
* 801 54 13563
* 802 48 15622
* 803 53 33561
* 804 49 66730
* 805 52 23944
* 806 51 12621
* 807 51 30855
* 808 53 178235
* 809 60 21245
* 810 50 53400
* 811 60 1264834
* 812 53 10181
* 813 44 659
* 814 55 44836
* 815 55 46772
* 816 51 149094
* 817 48 8929
* 818 55 76873
* 819 47 57761
* 820 50 9597
* 821 63 72056
* 822 59 183636
* 823 51 4739
* 824 50 34890
* 825 46 3120
* 826 57 509135
* 827 49 13235
* 828 49 14121
* 829 57 166128
* 830 56 510518
* 831 64 28703
* 832 64 514869
* 833 56 25104
* 834 54 26772
* 835 48 18034
* 836 62 2686647
* 837 56 232328
* 838 54 4097
* 839 53 22389
* 840 51 111198
* 841 55 19168
* 842 46 1549
* 843 56 88536
* 844 47 26259
* 845 41 46652
* 846 50 15792
* 847 45 6146
* 848 52 98923
* 849 53 155396
* 850 56 179382
* 851 53 34210
* 852 53 69845
* 853 45 19710
* 854 56 340543
* 855 59 77557
* 856 60 173613
* 857 45 4968
* 858 58 85985
* 859 58 213444
* 860 54 27818
* 861 62 214393
* 862 58 15660
* 863 55 136286
* 864 50 9822
* 865 43 10306
* 866 56 120169
* 867 56 120915
* 868 47 51136
* 869 47 12352
* 870 50 37238
* 871 59 28292
* 872 55 254761
* 873 60 367322
* 874 48 13261
* 875 54 12864
* 876 56 29677
* 877 55 255978
* 878 56 199441
* 879 55 62207
* 880 58 127082
* 881 59 73775
* 882 47 118372
* 883 59 59607
* 884 50 30922
* 885 59 723080
* 886 41 115
* 887 50 44059
* 888 69 1038112
* 889 52 14428
* 890 51 24959
* 891 58 213008
* 892 60 328193
* 893 50 2305
* 894 59 11619
* 895 45 13207
* 896 49 69191
* 897 47 18098
* 898 58 39810
* 899 55 118021
* 900 42 152
* 901 54 92137
* 902 53 29701
* 903 50 14354
* 904 58 158748
* 905 42 1621
* 906 57 109623
* 907 46 16795
* 908 50 4914
* 909 54 10112
* 910 54 131050
* 911 52 12310
* 912 49 15251
* 913 56 3707
* 914 66 116349
* 915 55 455188
* 916 51 1065
* 917 45 2772
* 918 49 6412
* 919 48 1484
* 920 52 25920
* 921 47 4585
* 922 56 93954
* 923 48 11664
* 924 55 328085
* 925 48 30559
* 926 48 9534
* 927 55 28550
* 928 57 16485
* 929 55 81341
* 930 58 816764
* 931 54 63802
* 932 38 2949
* 933 55 47822
* 934 52 6868
* 935 56 26204
* 936 48 1595
* 937 47 41766
* 938 37 342
* 939 62 104908
* 940 41 1248
* 941 50 10585
* 942 52 12529
* 943 52 5110
* 944 49 205475
* 945 62 137942
* 946 51 68767
* 947 49 15272
* 948 49 3642
* 949 51 7460
* 950 51 35769
* 951 51 46293
* 952 50 14857
* 953 47 21430
* 954 59 77037
* 955 44 456
* 956 57 54209
* 957 49 8599
* 958 58 305161
* 959 64 1060867
* 960 52 51123
* 961 58 255864
* 962 56 264637
* 963 57 76114
* 964 52 28506
* 965 58 473187
* 966 41 651
* 967 39 11665
* 968 50 39687
* 969 48 8156
* 970 61 1465640
* 971 39 317
* 972 50 11824
* 973 44 15895
* 974 54 46908
* 975 57 82382
* 976 42 565
* 977 52 41370
* 978 49 26755
* 979 48 4285
* 980 52 2881
* 981 55 449040
* 982 51 1745
* 983 46 7835
* 984 45 6007
* 985 64 528060
* 986 43 12213
* 987 63 307481
* 988 55 89478
* 989 55 54238
* 990 49 12994
* 991 48 47100
* 992 60 180952
* 993 60 92076
* 994 50 17435
* 995 56 4801
* 996 63 701888
* 997 49 22960
* 998 52 59254
* 999 55 40366
* 1000 57 230277
C:\Users\Daniel\Documents\Visual Studio 2013\Projects\Solver\Debug\Solver.exe,1000,../Dump/dis_1_2_3_4_5_6_7,../Dump/dis_8_9_10_11_12_13_14_15,52.52,136288.99,0.08,1787466.92,36.94,44.75
