1,9
2,9
3,10
4,9
5,9
6,9
7,7
8,7
9,8
10,11
11,10
12,9
13,8
14,8
15,10
16,8
17,10
18,10
19,8
20,8
21,9
22,9
23,7
24,9
25,9
26,10
27,8
28,9
29,11
30,9
31,8
32,10
33,9
34,10
35,7
36,7
37,9
38,10
39,9
40,9
41,7
42,9
43,10
44,9
45,7
46,9
47,9
48,8
49,9
50,10
51,9
52,9
53,10
54,10
55,9
56,8
57,9
58,8
59,9
60,9
61,7
62,8
63,9
64,9
65,7
66,9
67,8
68,4
69,6
70,9
71,8
72,8
73,8
74,9
75,10
76,9
77,9
78,9
79,9
80,9
81,10
82,9
83,8
84,10
85,6
86,8
87,9
88,10
89,9
90,8
91,9
92,10
93,8
94,9
95,8
96,8
97,7
98,9
99,9
100,10
